[gd_scene load_steps=4 format=2]

[ext_resource path="res://scripts/main_menu/MainMenu.gd" type="Script" id=1]
[ext_resource path="res://scenes/map/MapGenerating.tscn" type="PackedScene" id=3]
[ext_resource path="res://scenes/main_menu/load/LoadPane.tscn" type="PackedScene" id=4]

[node name="MainMenu" type="Spatial"]
script = ExtResource( 1 )

[node name="Options" type="Spatial" parent="."]
transform = Transform( 0.5, 0, -0.866025, 0, 1, 0, 0.866025, 0, 0.5, -68.2637, 31.8734, -23.3586 )

[node name="PositionLoad" type="Position3D" parent="Options"]
transform = Transform( -1, 0, -3.27826e-07, 0, 1, 0, 3.27826e-07, 0, -1, 2.38, -0.206, 6.398 )

[node name="LoadPane" parent="Options" instance=ExtResource( 4 )]
transform = Transform( -0.981627, 0, -0.190809, 0, 1, 0, 0.190809, 0, -0.981627, 3.02692, 0, 9.72205 )

[node name="OptionsCamera" type="Camera" parent="Options"]
transform = Transform( 0.883071, 0, -0.46924, 0, 1, 0, 0.46924, 0, 0.883071, 2.37988, -0.205526, 6.39762 )
current = true
far = 8192.0

[node name="TransitionCamera" type="InterpolatedCamera" parent="Options"]
transform = Transform( 0.883071, 0, -0.46924, 0, 1, 0, 0.46924, 0, 0.883071, 2.37988, -0.205526, 6.39762 )
visible = false
far = 8192.0
target = NodePath("../../MapGenerating/InterpolatedCamera")
speed = 2.5

[node name="Timer" type="Timer" parent="Options/TransitionCamera"]
wait_time = 1.5
one_shot = true

[node name="MapGenerating" parent="." instance=ExtResource( 3 )]

[node name="PositionContinue" type="Position3D" parent="."]
transform = Transform( -0.573577, 0, -0.819152, 0, 1, 0, 0.819152, 0, -0.573577, -5, 15, 0 )

[node name="TimerContinue" type="Timer" parent="PositionContinue"]
wait_time = 1.5
[connection signal="timeout" from="Options/TransitionCamera/Timer" to="." method="_on_Timer_timeout"]
[connection signal="map_back_button_pressed" from="MapGenerating" to="." method="_on_MapGenerating_map_back_button_pressed"]
[connection signal="timeout" from="PositionContinue/TimerContinue" to="." method="_on_TimerContinue_timeout"]
